,train loss,valid loss
1,0.697083648745338,0.6861021518707275
2,0.6925239228130726,0.6875923871994019
3,0.6923945549870847,0.6872574687004089
4,0.6920439117261384,0.6868628859519958
5,0.6910382815812263,0.686407670378685
6,0.688186135854614,0.6854324787855148
7,0.6805250847086627,0.6821793168783188
8,0.663681679227379,0.6760755777359009
9,0.6347851418377308,0.6591540277004242
10,0.5964418116133757,0.6370644271373749
11,0.5547895623875617,0.613140732049942
12,0.5146161257923021,0.5840425491333008
13,0.4779501280162516,0.5578277409076691
14,0.44501728582173844,0.522395171225071
15,0.4155264937699064,0.49630940705537796
16,0.3894454243403398,0.4764852523803711
17,0.36658098315180615,0.4515102133154869
18,0.3468805302618148,0.436942383646965
19,0.329982599943467,0.4241454303264618
20,0.3155297183625856,0.40881115198135376
21,0.3029967233557231,0.40112753957509995
22,0.2920127386755116,0.3874551132321358
23,0.28218320121851453,0.3720323294401169
24,0.27330397426635583,0.3647611662745476
25,0.2651978468478247,0.3659445494413376
26,0.2576838481366709,0.358155719935894
27,0.2507378268293971,0.3594047799706459
28,0.2442187974031796,0.3566754385828972
29,0.23809427527080612,0.3500272333621979
30,0.2323472591375144,0.35440392047166824
