,train loss,valid loss
1,0.6969312948085247,0.6871414333581924
2,0.692621026146278,0.6881568431854248
3,0.692382088984443,0.688008040189743
4,0.6917782151297237,0.6896044760942459
5,0.690121745572108,0.6897135674953461
6,0.6862720993723018,0.692345917224884
7,0.6771775940235486,0.6924161016941071
8,0.6574661227945382,0.6860129833221436
9,0.6217645139581106,0.669354647397995
10,0.572402317202493,0.6358894556760788
11,0.5189962085713161,0.60794897377491
12,0.4693387481157253,0.5790208429098129
13,0.4258840747838014,0.5588940978050232
14,0.3891461423497075,0.5402334928512573
15,0.3585041820556483,0.51372941583395
16,0.3329551505871331,0.5112407132983208
17,0.3116754505890288,0.4999133348464966
18,0.2934616624788101,0.5005370154976845
19,0.2777113300212165,0.4972973093390465
20,0.26372851544849285,0.49227165430784225
21,0.2510799891344468,0.49917036294937134
22,0.23957435325364793,0.5163787454366684
23,0.22878264772534818,0.5087229236960411
24,0.21875239198053076,0.5173647180199623
25,0.20931274216905812,0.5307983532547951
26,0.2003569057148494,0.5291046500205994
27,0.19185524175266797,0.5280412212014198
28,0.1837926430537013,0.5500699281692505
29,0.1760725743519828,0.5620023012161255
30,0.16876203789097838,0.5649888664484024
