,train loss,valid loss
1,0.6970509327157457,0.6901380568742752
2,0.6927176230260347,0.6909674853086472
3,0.6921929418668616,0.6914294064044952
4,0.6904191133681308,0.693521112203598
5,0.6855779688307706,0.6986982971429825
6,0.6740336497029413,0.7057441473007202
7,0.6498673987596967,0.7149014174938202
8,0.6076321951607788,0.713537260890007
9,0.5502575264590213,0.6912647932767868
10,0.4885119692737541,0.6815053224563599
11,0.43133000231414254,0.6621077507734299
12,0.38245480303907214,0.6311558485031128
13,0.3420810510454404,0.6243623495101929
14,0.3087590194485161,0.6191289573907852
15,0.2808117979065458,0.6223370581865311
16,0.2568968190310451,0.6139328926801682
17,0.2357736039771867,0.6350129395723343
18,0.21671768076038836,0.6482285857200623
19,0.19919905803176793,0.6594313830137253
20,0.18274460772003573,0.6901932507753372
21,0.1672514621238137,0.7108456641435623
22,0.1525203175703238,0.7374638170003891
23,0.13854251011331728,0.7744034230709076
24,0.1251741209429004,0.9049065411090851
25,0.11246359260397011,0.9152686595916748
26,0.10040155436364602,0.9656355530023575
27,0.08897775136743592,1.0047793537378311
28,0.07822615064950322,1.0664796382188797
29,0.06813040792653698,1.1075654476881027
30,0.0587311340902889,1.2471236735582352
