,train loss,valid loss
1,0.6969407887643345,0.6877740174531937
2,0.6924945572937621,0.6869795024394989
3,0.6924643259072274,0.6880879104137421
4,0.692279423518425,0.6886431127786636
5,0.6917681739422563,0.6873427927494049
6,0.6905269986681277,0.6881446689367294
7,0.6876854139767336,0.687588170170784
8,0.6810386282823208,0.6865050792694092
9,0.6666173803225885,0.6760715693235397
10,0.6410855435104703,0.6513901948928833
11,0.6059113115109457,0.6202641129493713
12,0.5669672038596817,0.5882531404495239
13,0.5294885699743039,0.5533862560987473
14,0.4959553226028638,0.5221531391143799
15,0.4664557810579793,0.492372065782547
16,0.44051771236120835,0.47095726430416107
17,0.417443769961856,0.454178124666214
18,0.39672950769631604,0.4340864568948746
19,0.3781786268942067,0.4127613604068756
20,0.3616743012239573,0.3965301662683487
21,0.3471534142221851,0.38782085478305817
22,0.33445427072851847,0.3703341409564018
23,0.3233456550986877,0.3607751205563545
24,0.31362504669268626,0.348933681845665
25,0.30495342210437476,0.33402928709983826
26,0.2972373709212826,0.3315260708332062
27,0.29027559890059496,0.32820841670036316
28,0.2839127444893531,0.3137638047337532
29,0.2781302686896961,0.3097017705440521
30,0.27284134755122674,0.30798593163490295
