,train loss,valid loss
1,0.5693799531861637,0.45650747418403625
2,0.3968911229745577,0.4084494709968567
3,0.3571527528107985,0.39396361261606216
4,0.34273143244742155,0.3879310041666031
5,0.3363835070649634,0.39243172109127045
6,0.33304284635777776,0.39065269380807877
7,0.33024841900473084,0.38643332570791245
8,0.32832264727197785,0.39007675647735596
9,0.3267217685146427,0.3977266103029251
10,0.32515228987112177,0.39482245594263077
11,0.323729203137268,0.39047039300203323
12,0.3220274188322074,0.3924194648861885
13,0.32047201752588245,0.3909546807408333
14,0.31898764359965903,0.3876379057765007
15,0.31700753118289393,0.38489554077386856
16,0.31532079742270314,0.3813127651810646
17,0.31339310055666053,0.3938542976975441
18,0.31148635503951083,0.38873086124658585
19,0.30958304331915804,0.3882778361439705
20,0.30740366120835516,0.39221952855587006
21,0.30525827925005805,0.39851289987564087
22,0.30297032326050616,0.39306673407554626
23,0.30050726391179733,0.39849986881017685
24,0.2979536900359593,0.39692697674036026
25,0.2955322339479694,0.39685652405023575
26,0.29300392144702647,0.3891362249851227
27,0.29048737105954153,0.4166538342833519
28,0.28760093030114003,0.395713247358799
29,0.2851686296838053,0.4156312793493271
30,0.2821957811285345,0.4022503197193146
