,train loss,valid loss
1,0.538972533895133,0.4521559327840805
2,0.3746642077460271,0.40075965970754623
3,0.3455251142773289,0.40089669078588486
4,0.33622047675310746,0.3919440060853958
5,0.33107259977474046,0.39170221239328384
6,0.32772052023890014,0.39315999299287796
7,0.32447462905658764,0.3884560838341713
8,0.3217428909258896,0.38225076347589493
9,0.31881104586425046,0.388161800801754
10,0.31613879452707166,0.3963778540492058
11,0.3128345325570577,0.386603944003582
12,0.30960084698843154,0.38806726783514023
13,0.3059835060779819,0.38288308680057526
14,0.3024319383907556,0.37450478225946426
15,0.2984242013070765,0.38115542382001877
16,0.2942489254080252,0.3741302043199539
17,0.2902561177624001,0.3742482662200928
18,0.2859209030866623,0.3855616897344589
19,0.28150029990184916,0.3647533133625984
20,0.276805551218034,0.37324094772338867
21,0.2724531798922316,0.3718418478965759
22,0.2682407433806585,0.37089531123638153
23,0.26413573430718557,0.37664274126291275
24,0.26006395863683035,0.36125921458005905
25,0.2559200981434216,0.38156119734048843
26,0.252916191624345,0.3761799857020378
27,0.24878375682417075,0.3860657289624214
28,0.24500368838750766,0.36345773190259933
29,0.24164335016677443,0.37382368743419647
30,0.2385111552722445,0.3770788460969925
