,train loss,valid loss
1,0.4790041788240497,0.4051178842782974
2,0.35078343053286737,0.38445037603378296
3,0.33472321881039463,0.38218899071216583
4,0.3281945349757889,0.37439464032649994
5,0.32349599360229075,0.3783722221851349
6,0.3191469019830004,0.3734738901257515
7,0.31460122202294,0.3746747151017189
8,0.30959993238082983,0.37373220175504684
9,0.30364564405324007,0.3749694600701332
10,0.29744101608737133,0.38423654437065125
11,0.2898701112182548,0.3760463446378708
12,0.28196690732917834,0.37676945328712463
13,0.2734717329157128,0.3647380471229553
14,0.26525857328401226,0.38017328828573227
15,0.2577420254883248,0.37858671694993973
16,0.2502809426608901,0.3688894882798195
17,0.2435364132368014,0.37554458528757095
18,0.23699845388513083,0.3759729489684105
19,0.23101412650946523,0.3972715884447098
20,0.22493771847788613,0.40040307492017746
21,0.219345714417885,0.38995780795812607
22,0.21400281068835217,0.4028787687420845
23,0.20890968675247293,0.40941185504198074
24,0.20372220801280233,0.4166525974869728
25,0.198825860235575,0.4117162749171257
26,0.19378961486911656,0.4443366006016731
27,0.1892244652676374,0.46119045466184616
28,0.1841111562113637,0.4591246470808983
29,0.17979481222849808,0.45822644233703613
30,0.17589216964893722,0.48729486018419266
