,train loss,valid loss
1,0.6123696375503374,0.517795629799366
2,0.43990615542312983,0.40613696724176407
3,0.3750958435618773,0.3789132311940193
4,0.35044516386759567,0.36065512895584106
5,0.33970029635375804,0.35441797226667404
6,0.33422982023003395,0.3514932096004486
7,0.33108644375342705,0.34589825570583344
8,0.328916423348303,0.34406628459692
9,0.3273382530490706,0.34389326721429825
10,0.32590422350517967,0.3458099216222763
11,0.32465358376130926,0.34836386144161224
12,0.3234160069408786,0.3473956733942032
13,0.3221223151006651,0.34108471125364304
14,0.32092320197232804,0.34912100434303284
15,0.31965858735767344,0.34332718700170517
16,0.3182292419500863,0.34243785589933395
17,0.31659382140815034,0.33971113711595535
18,0.31512996932019605,0.3468865230679512
19,0.3134736240319396,0.3393304571509361
20,0.3116821927040555,0.34456806629896164
21,0.3098186018054703,0.335019513964653
22,0.30770205169655707,0.34682852029800415
23,0.3055795596147447,0.33857491612434387
24,0.3035502464472131,0.33701255917549133
25,0.30141379906518034,0.3322596177458763
26,0.2992323897453432,0.3344770073890686
27,0.29731915128439407,0.3306804522871971
28,0.2950799275240797,0.32940834015607834
29,0.2930550107385931,0.32772550731897354
30,0.29085365715395944,0.3288266807794571
