,train loss,valid loss
1,0.6922964112886626,0.6875757277011871
2,0.660209450903308,0.6368086338043213
3,0.5943741510423382,0.5878153145313263
4,0.5476653397678585,0.5478177890181541
5,0.5126517463042941,0.5290818065404892
6,0.48618902171149236,0.5067708194255829
7,0.46480759892719664,0.4806079864501953
8,0.4468382399403647,0.4680078774690628
9,0.4316365960311056,0.4527283012866974
10,0.41846376549587416,0.4382738396525383
11,0.4070795266220483,0.42999574542045593
12,0.39721383327401977,0.4205366373062134
13,0.38860461707418775,0.4140337035059929
14,0.38105001971218616,0.40155307948589325
15,0.37449142269873886,0.39967355132102966
16,0.36880295062333013,0.385972335934639
17,0.3636438057068433,0.3833145797252655
18,0.3591363966539409,0.3809962570667267
19,0.3551326951246881,0.3799576684832573
20,0.3515917697872562,0.3747537285089493
21,0.34844338207432396,0.3772920295596123
22,0.3455890970172061,0.37093786895275116
23,0.34300778517860003,0.3755173906683922
24,0.340720553727781,0.3617190569639206
25,0.33858265896117345,0.359284482896328
26,0.3366859694024299,0.3671981990337372
27,0.3348275032940875,0.3654495030641556
28,0.33319369057070153,0.3652990609407425
29,0.331555866477046,0.3583024740219116
30,0.3301875565047568,0.37103351950645447
