,train loss,valid loss
1,0.5394496717554205,0.4180220812559128
2,0.38986769069297783,0.36459580063819885
3,0.3609233723671993,0.33934151381254196
4,0.3498566263772724,0.3265600726008415
5,0.3442501582009962,0.32262591272592545
6,0.33986122180683337,0.3228439688682556
7,0.33574555751015334,0.3281082957983017
8,0.33254513211464615,0.33216068893671036
9,0.32969450081853235,0.3152274489402771
10,0.3265950166888898,0.3297090008854866
11,0.3233179328742248,0.3316226154565811
12,0.31918554281474054,0.33435968309640884
13,0.3150101054213318,0.3269919231534004
14,0.3107735188526756,0.32042184472084045
15,0.3058710738588659,0.33206062763929367
