,train loss,valid loss
1,0.4723230796806821,0.4180333912372589
2,0.3644621109545752,0.3971370458602905
3,0.346380282802677,0.38603323698043823
4,0.32719213568539207,0.37011241167783737
5,0.308248840263125,0.36330384761095047
6,0.29023062005248407,0.370287224650383
7,0.27631442877609336,0.36164355278015137
8,0.2629896807908714,0.33816950768232346
9,0.2536935101585293,0.3458859622478485
10,0.24515984379471314,0.3831530958414078
11,0.23827089624160833,0.38103634119033813
12,0.23229898411906166,0.3502255082130432
13,0.228538535060954,0.3591887801885605
14,0.22390032415458475,0.38710156083106995
15,0.21943363771493665,0.4100751727819443
16,0.21681327826707403,0.38220173865556717
17,0.21298399585277103,0.4163608029484749
18,0.21061327982782277,0.38177090883255005
19,0.20812893246815595,0.37629951536655426
20,0.2061091596528088,0.43174970149993896
