,train loss,valid loss
1,0.6923137036304498,0.6705774515867233
2,0.6397024942248055,0.5421155989170074
3,0.5870046726475643,0.48526571691036224
4,0.5734452804673774,0.445344515144825
5,0.565348012021716,0.4374552518129349
6,0.5624422036976403,0.43913447111845016
7,0.5597421472215474,0.4310307204723358
8,0.5581331407830361,0.4313862770795822
9,0.5550328999497322,0.43844475597143173
10,0.5536036741793081,0.41224243491888046
11,0.550443045283376,0.411673940718174
12,0.548726119761461,0.4243385046720505
13,0.5456153183766221,0.41442304849624634
14,0.5413592469305284,0.4091821163892746
15,0.5412999944442816,0.4134645238518715
16,0.5384798232982221,0.42067402601242065
17,0.5372973372055201,0.41870802640914917
18,0.5319717560665735,0.42073407769203186
19,0.5294559075963333,0.4174216091632843
20,0.5293121159671993,0.41982924938201904
21,0.5240467249156533,0.39908812940120697
22,0.5220245471161403,0.4251669570803642
23,0.5177797953436586,0.4143063351511955
24,0.5153331845143017,0.4211639165878296
25,0.51308715574155,0.42589086294174194
26,0.5096517826585139,0.4167333394289017
27,0.5068212917235013,0.42510396987199783
28,0.5030043825749005,0.4282933995127678
29,0.5000936681411686,0.40644635260105133
30,0.497547348489178,0.4152870625257492
