,train loss,valid loss
1,0.6689225587803177,0.6094613671302795
2,0.5073245994458335,0.45896199345588684
3,0.42879538645458576,0.4029950052499771
4,0.40041147631949997,0.4053964391350746
5,0.38686188847087,0.3700806200504303
6,0.3763927444908652,0.3650507405400276
7,0.3692299628004748,0.35901840031147003
8,0.36462773778911833,0.3526255115866661
9,0.36155527867330295,0.35397911071777344
10,0.3554798515325182,0.35322803258895874
11,0.351545197686899,0.34600549191236496
12,0.3471939919630389,0.334944412112236
13,0.3426047237810868,0.35151948779821396
14,0.34027001663540185,0.34724799543619156
15,0.3356171493487114,0.331024706363678
16,0.33292844324150633,0.3585658296942711
17,0.32821441470609325,0.35195476561784744
18,0.3249372019712696,0.35147277265787125
19,0.3213710134172261,0.352620929479599
20,0.3164521895358327,0.3545466512441635
