,train loss,valid loss
1,0.44277923852763373,0.3672598470002413
2,0.35933400301748747,0.36463460698723793
3,0.34909209125348545,0.3435424603521824
4,0.3385261289784673,0.3440292105078697
5,0.32561439219001825,0.34394196793437004
6,0.3105188352282574,0.32759319245815277
7,0.2991164251882932,0.3195815905928612
8,0.29105295594339814,0.3097983617335558
9,0.28449522284383927,0.3193427138030529
10,0.2780291697059231,0.30303288996219635
11,0.2731066990676295,0.31040601059794426
12,0.26644055685319107,0.3199299946427345
13,0.2618719108319015,0.3067123778164387
14,0.2584422021713596,0.2945435978472233
15,0.2529226134202156,0.31982053630053997
