,train loss,valid loss
1,0.4472572612163428,0.3732289858162403
2,0.3653364017252321,0.3689042739570141
3,0.35255396793062765,0.36377542093396187
4,0.34241606645779066,0.33924124017357826
5,0.33199227070168463,0.33461980521678925
6,0.32230587990096443,0.3299939036369324
7,0.3121491035867422,0.34485311433672905
8,0.3036077878950687,0.3253619931638241
9,0.2965268229277393,0.31016363948583603
10,0.28920586617400734,0.291748009622097
11,0.2839323909448625,0.30360257253050804
12,0.27960693199982806,0.2917399052530527
13,0.27581034697006257,0.3096735030412674
14,0.27173829452598586,0.31143396720290184
15,0.2701858805676227,0.3255268409848213
