,train loss,valid loss
1,0.700018738465065,0.6927170753479004
2,0.6920149051741268,0.6851692050695419
3,0.6892927870172983,0.6803579032421112
4,0.6807748828636722,0.6675669252872467
5,0.6645343622167161,0.6431498676538467
6,0.6425226197558247,0.6348084807395935
7,0.6196546478664384,0.6189197599887848
8,0.5982682380485773,0.6024896055459976
9,0.5789438733893834,0.5785478949546814
10,0.5588217805536201,0.5474912077188492
11,0.540499895439017,0.5583636835217476
12,0.5251355043957743,0.5431758165359497
13,0.5089928479155946,0.5044957920908928
14,0.4935247286428673,0.49169041216373444
15,0.4809158250931348,0.4846011847257614
16,0.4689325325274735,0.4833461418747902
17,0.45675248547588543,0.47137243300676346
18,0.4480538194843297,0.4588357210159302
19,0.43917245815011596,0.4404575303196907
20,0.4308688144633237,0.44045931845903397
21,0.422500430012166,0.41485027968883514
22,0.4162034159072776,0.43548809736967087
23,0.41063785939925024,0.4215760752558708
24,0.40608596928259555,0.39263705164194107
25,0.4000680589125249,0.39710499346256256
26,0.39593134219577997,0.3975481167435646
27,0.39118120304951803,0.39429404586553574
28,0.388271744517649,0.3942166045308113
29,0.3846184642945931,0.3966037556529045
30,0.3816052195284697,0.38229890167713165
